tree
version=v4
num_class=1
num_tree_per_iteration=1
label_index=0
max_feature_idx=7
objective=binary sigmoid:1
feature_names=Column_0 Column_1 Column_2 Column_3 Column_4 Column_5 Column_6 Column_7
feature_infos=[0:1] [0:0.99999999999999956] [0:1] [0:0.99999999999999989] [0:1] [0:1] [0:1] [0:1]
tree_sizes=2096 3649

Tree=0
num_leaves=19
num_cat=0
split_feature=6 1 6 1 0 6 0 0 0 4 6 4 0 0 4 6 4 4
split_gain=4.90344 8.54963 5.93679 3.267 3.10593 8.82781 6.38531 8.24399 4.86423 3.06746 4.89663 6.01927 4.4038 3.51793 2.43996 2.79097 2.4103 1.22522
threshold=0.96271300047338382 0.91661884949186534 0.88635005232655917 0.011667680511211255 0.064326521312958032 0.13202381371849242 0.024368421582434022 0.049116974411234311 0.068508253808866174 0.40817231850019237 0.80837149104787931 0.26656792672904528 0.078153296266774822 0.36400961376455815 0.36191771859737082 0.15658357269211418 0.38721209452820432 0.04087035792100361
decision_type=2 2 2 2 2 2 2 2 2 2 2 2 2 2 2 2 2 2
left_child=1 2 3 -1 5 6 -5 -8 -6 10 11 -10 -11 -14 -7 -16 -9 -12
right_child=-2 -3 -4 4 8 14 7 16 9 12 17 -13 13 -15 15 -17 -18 -19
leaf_value=0.21476283124798284 -0.16042208193775034 0.3048973449262371 -0.16637739802006357 0.25864410764397505 0.31004788856499443 0.024192716613959664 -0.17431781946314778 0.058657524579687245 0.19960384485664009 -0.11873486936155778 -0.0020106741482185525 0.040291478441962458 0.14104228690271597 0.067045099727996105 -0.093081200083900806 -0.31580169244901357 0.26240535990648861 -0.15796989296268019
leaf_weight=8.9907839298248273 5.9938559532165518 9.240527927875517 6.9928319454193106 9.4902719259262067 5.2446239590644828 5.2446239590644863 8.9907839298248309 11.737967908382418 16.48310387134552 5.9938559532165518 4.9948799610137931 145.60075086355209 71.177039444446564 91.905791282653809 9.7400159239768964 5.4943679571151725 5.2446239590644828 8.4912959337234479
leaf_count=36 24 37 28 38 21 21 36 47 66 24 20 583 285 368 39 22 21 34
internal_value=0.0640219 0.0671428 0.0619344 0.0657831 0.0624827 0.0078156 0.0832426 0.0191536 0.0712231 0.0675888 0.044456 0.0564927 0.0916101 0.099341 -0.122802 -0.173407 0.12158 -0.100207
internal_weight=0 431.058 421.818 414.825 405.834 55.9427 35.4636 25.9734 349.891 344.647 175.57 162.084 169.077 163.083 20.479 15.2344 16.9826 13.4862
internal_count=1750 1726 1689 1661 1625 224 142 104 1401 1380 703 649 677 653 82 61 68 54
is_linear=0
shrinkage=1


Tree=1
num_leaves=34
num_cat=0
split_feature=6 1 6 0 0 6 6 1 6 6 6 6 1 6 4 0 0 0 4 6 0 6 4 4 0 4 4 4 4 6 1 6 1
split_gain=2.77621 5.15695 3.95854 7.01162 4.66125 4.29192 4.45081 3.71227 12.7543 10.4268 6.87362 7.32343 4.0981 3.52524 3.33625 5.38375 3.49908 6.21823 4.86463 4.25349 3.07374 3.01336 10.0172 2.94752 1.98421 1.78028 1.71918 1.18268 3.81608 3.04637 1.08422 1.06394 0.253246
threshold=0.96271300047338382 0.90858572611414357 0.86218154371011224 0.80161140047456569 0.75684613619296826 0.76893801583150767 0.79494413062176938 0.31738077450930097 0.24333453381930303 0.41841699023929074 0.13202381371849242 0.13951289284923876 0.055323528481270541 0.82121133091265897 0.51082084239296022 0.36400961376455815 0.3209842865998998 0.37440524981642104 0.45506789242481266 0.38744885663940593 0.049116974411234311 0.76082211518764964 0.71645898560832499 0.32424317182940926 0.059890633355384366 0.60757021569427916 0.31308169776202038 0.32011828504868628 0.36470487268597601 0.39730224767042827 0.32086774644908883 0.41841699023929074 0.70335943057496142
decision_type=2 2 2 2 2 2 2 2 2 2 2 2 2 2 2 2 2 2 2 2 2 2 2 2 2 2 2 2 2 2 2 2 2
left_child=1 2 4 -4 7 -6 -7 8 10 27 12 24 20 -8 16 -16 19 31 -19 30 -1 22 -17 -13 -12 -3 -14 29 -29 -10 -9 -18 -23
right_child=-2 25 3 -5 5 6 13 14 9 -11 11 23 26 -15 15 21 17 18 -20 -21 -22 32 -24 -25 -26 -27 -28 28 -30 -31 -32 -33 -34
leaf_value=0.047303503083989083 -0.16930880942482154 0.28639383412030911 0.091011881673437392 -0.27916719219238789 0.30160533098123421 -0.10419235151105945 0.28086141398101527 0.049491141292131106 0.21445489851850233 -0.13505453710077797 -0.13422324569991248 0.074780851867315132 0.05918008780956268 0.017298735711237703 0.22441210335641112 -0.050117979275373474 -0.20027013172618102 -0.0023658452752340379 -0.17070216455565618 0.23921001784847293 0.2162490044726304 -0.088235776446040359 0.34058944172396188 -0.071588801154930076 -0.33907943023289344 0.078206944455063002 -0.03191266216637214 0.31597571629890864 0.13251844340496288 -0.033876780887767341 -0.10619863400079652 -0.10248343313653976 -0.16685373311054072
leaf_weight=23.213387176394463 5.9615621566772452 4.8895731419324857 5.2255353182554236 8.2194527536630613 5.493824094533923 7.2396660894155529 5.9804438054561597 5.2364922910928744 7.4803513884544355 7.9967541694641104 4.9917063117027265 10.976741045713423 16.914818853139877 6.7383018881082535 7.2140633314847937 18.728945776820186 19.719052299857143 61.381271570920944 12.985402405261992 5.2353545278310767 9.4648173004388791 5.2441048175096494 5.2441048175096503 39.497454687952995 7.2239714413881302 5.3930108547210693 54.9785395860672 11.495334118604662 18.42536598443985 5.2478699237108231 5.983912467956543 10.724800094962118 4.9943855404853821
leaf_count=94 24 20 21 33 22 29 24 21 30 32 20 44 68 27 29 75 79 246 52 21 38 21 21 159 29 22 221 46 74 21 24 43 20
internal_value=0 0.0023819 -0.0019033 -0.135293 0.00251345 0.106037 0.0522047 -0.00440962 0.0169131 0.12677 -0.016351 -0.0817712 0.022868 0.141228 -0.0329689 0.0282507 -0.0538821 -0.0707 -0.0317596 0.0532352 0.0962364 -0.0131131 0.0353493 -0.0397575 -0.255369 0.177204 -0.0104807 0.175863 0.203002 0.112067 -0.0335392 -0.165822 -0.126586
internal_weight=0 429.779 419.496 13.445 406.051 25.4522 19.9584 380.599 217.907 50.6457 167.261 62.6899 104.572 12.7187 162.692 41.4256 121.266 104.811 74.3667 16.4558 32.6782 34.2115 23.9731 50.4742 12.2157 10.2826 71.8934 42.6489 29.9207 12.7282 11.2204 30.4439 10.2385
internal_count=1750 1726 1684 54 1630 102 80 1528 876 203 673 252 421 51 652 166 486 420 298 66 132 137 96 203 49 42 289 171 120 51 45 122 41
is_linear=0
shrinkage=0.249867


end of trees

feature_importances:
Column_6=18
Column_0=13
Column_4=13
Column_1=7

parameters:
[boosting: gbdt]
[objective: binary]
[metric: binary_logloss]
[tree_learner: serial]
[device_type: cpu]
[data_sample_strategy: bagging]
[data: ]
[valid: ]
[num_iterations: 290]
[learning_rate: 0.249867]
[num_leaves: 133]
[num_threads: 1]
[seed: 42]
[deterministic: 0]
[force_col_wise: 0]
[force_row_wise: 1]
[histogram_pool_size: -1]
[max_depth: 9]
[min_data_in_leaf: 20]
[min_sum_hessian_in_leaf: 0.001]
[bagging_fraction: 1]
[pos_bagging_fraction: 1]
[neg_bagging_fraction: 1]
[bagging_freq: 0]
[bagging_seed: 400]
[feature_fraction: 1]
[feature_fraction_bynode: 1]
[feature_fraction_seed: 30056]
[extra_trees: 0]
[extra_seed: 12879]
[early_stopping_round: 0]
[early_stopping_min_delta: 0]
[first_metric_only: 0]
[max_delta_step: 0]
[lambda_l1: 0]
[lambda_l2: 0]
[linear_lambda: 0]
[min_gain_to_split: 0]
[drop_rate: 0.1]
[max_drop: 50]
[skip_drop: 0.5]
[xgboost_dart_mode: 0]
[uniform_drop: 0]
[drop_seed: 17869]
[top_rate: 0.2]
[other_rate: 0.1]
[min_data_per_group: 100]
[max_cat_threshold: 32]
[cat_l2: 10]
[cat_smooth: 10]
[max_cat_to_onehot: 4]
[top_k: 20]
[monotone_constraints: ]
[monotone_constraints_method: basic]
[monotone_penalty: 0]
[feature_contri: ]
[forcedsplits_filename: ]
[refit_decay_rate: 0.9]
[cegb_tradeoff: 1]
[cegb_penalty_split: 0]
[cegb_penalty_feature_lazy: ]
[cegb_penalty_feature_coupled: ]
[path_smooth: 0]
[interaction_constraints: ]
[verbosity: 1]
[saved_feature_importance_type: 0]
[use_quantized_grad: 0]
[num_grad_quant_bins: 4]
[quant_train_renew_leaf: 0]
[stochastic_rounding: 1]
[linear_tree: 0]
[max_bin: 255]
[max_bin_by_feature: ]
[min_data_in_bin: 3]
[bin_construct_sample_cnt: 200000]
[data_random_seed: 175]
[is_enable_sparse: 1]
[enable_bundle: 1]
[use_missing: 1]
[zero_as_missing: 0]
[feature_pre_filter: 1]
[pre_partition: 0]
[two_round: 0]
[header: 0]
[label_column: ]
[weight_column: ]
[group_column: ]
[ignore_column: ]
[categorical_feature: ]
[forcedbins_filename: ]
[precise_float_parser: 0]
[parser_config_file: ]
[objective_seed: 16083]
[num_class: 1]
[is_unbalance: 0]
[scale_pos_weight: 1]
[sigmoid: 1]
[boost_from_average: 1]
[reg_sqrt: 0]
[alpha: 0.9]
[fair_c: 1]
[poisson_max_delta_step: 0.7]
[tweedie_variance_power: 1.5]
[lambdarank_truncation_level: 30]
[lambdarank_norm: 1]
[label_gain: ]
[lambdarank_position_bias_regularization: 0]
[eval_at: ]
[multi_error_top_k: 1]
[auc_mu_weights: ]
[num_machines: 1]
[local_listen_port: 12400]
[time_out: 120]
[machine_list_filename: ]
[machines: ]
[gpu_platform_id: -1]
[gpu_device_id: -1]
[gpu_use_dp: 0]
[num_gpu: 1]

end of parameters

pandas_categorical:null
