tree
version=v4
num_class=1
num_tree_per_iteration=1
label_index=0
max_feature_idx=7
objective=binary sigmoid:1
feature_names=Column_0 Column_1 Column_2 Column_3 Column_4 Column_5 Column_6 Column_7
feature_infos=[0:1.0000000000000004] [0:0.99213896625557085] [0:1] [0:1] [0.24627761902395351:1] [0:1] [0:1] [0:0.99999999999999978]
tree_sizes=6382 5627 5523 2235 2631 2241 1810

Tree=0
num_leaves=61
num_cat=0
split_feature=0 0 6 0 2 6 4 6 1 6 4 4 6 6 1 4 0 4 0 6 1 6 6 1 4 6 1 1 4 6 0 6 0 0 0 4 4 6 4 1 4 6 1 0 4 4 6 6 0 1 4 4 6 4 6 0 6 4 6 1
split_gain=4.76217 3.42 7.89675 9.48344 6.07332 12.2055 6.45136 9.33927 7.81288 8.79858 5.90098 4.5078 6.67486 5.66778 4.45422 4.41481 4.33859 3.81001 3.63315 4.03266 3.60143 6.12829 3.44944 4.55329 7.25442 2.80701 2.73975 2.94626 3.53622 2.55525 2.52877 2.30485 2.66946 2.52449 5.16886 6.19897 6.79371 3.7692 5.35248 7.29307 2.14354 3.78532 7.24146 3.36563 3.55412 2.6687 2.09172 2.05701 2.02485 1.99142 1.95573 1.64697 2.84866 1.61307 1.5521 3.25501 1.53398 1.21699 0.981747 0.90198
threshold=0.0067229421795094177 0.41511124425233775 0.19504475235810673 0.064740301344742082 1.0000000180025095e-35 0.53784246147735026 0.54952489873495769 0.50729874508000028 0.4802719938359255 0.52233551408344037 0.87783168614631679 0.43078775969888194 0.48381759628148252 0.46600712652383119 0.97070100612258059 0.89680168555489814 0.043490200299322275 0.47945788263538708 0.020239567649708471 0.058546664097534513 0.43288677289346295 0.50069209155244299 0.65021979003271968 0.71839235130018364 0.56946870441885555 0.54711485196444853 0.070691464798994255 0.10944982064031851 0.54952489873495769 0.52361425977171461 0.5596468225450123 0.3076993217549428 0.087879700177322176 0.30373610804832901 0.26586142892926407 0.49526056269441532 0.89008994987045986 0.3890780206760725 0.49526056269441532 0.39944431523718454 0.4374675357462619 0.12582086638637477 0.069913900900485007 0.056289959992908763 0.51293345444936322 0.46691033504470791 0.54416363428423298 0.11308585128203487 0.27731015685267996 0.13673055786226732 0.72761898339907571 0.67646749354209279 0.5099436977215861 0.69539505232753185 0.76436562209679093 0.79405867279407893 0.41862455621983113 0.48922303791670801 0.37991281663654947 0.52150862667983489
decision_type=2 2 2 2 2 2 2 2 2 2 2 2 2 2 2 2 2 2 2 2 2 2 2 2 2 2 2 2 2 2 2 2 2 2 2 2 2 2 2 2 2 2 2 2 2 2 2 2 2 2 2 2 2 2 2 2 2 2 2 2
left_child=-1 2 3 16 14 6 7 11 -8 51 46 12 13 56 15 17 18 -3 19 -2 21 -13 53 24 -24 29 -5 28 47 31 -26 32 -4 34 35 -33 -37 -35 39 -39 -18 42 -42 45 -45 -43 -7 -28 58 -29 -40 -10 -53 -19 -25 -56 -6 -20 -36 -11
right_child=1 4 25 26 5 10 8 -9 9 59 -12 20 -14 -15 -16 -17 40 22 57 -21 -22 -23 23 54 30 -27 27 49 -30 -31 -32 33 -34 37 48 36 -38 38 50 -41 41 43 -44 44 -46 -47 -48 -49 -50 -51 -52 52 -54 -55 55 -57 -58 -59 -60 -61
leaf_value=0.26094786102304335 0.24778467909964896 -0.014966108124469385 0.14143697763644833 -0.12169950226878383 0.044524636152689548 -0.12489465733226289 0.32413113425533624 -0.18600199792130112 0.089693534585347179 -0.0090170336967535097 0.05443976019888265 0.35189348158467693 -0.18199781321033853 0.2241866838697093 -0.064541728355435105 -0.064541728355435105 0.039567074129592927 0.31223298539990452 -0.095388780943591614 0.022215607048754929 0.018745313632587315 0.057612599893664455 0.2344373967297736 0.29240273730751803 -0.0353182048508658 -0.0014454844251150789 0.09410025638365524 -0.12723089974426927 0.21308174493797299 0.29240273730751815 0.089142694360558661 0.002470834163663449 0.32413113425533618 0.31719054742300107 0.014779264014110088 0.34121565568877676 0.056164129598220584 0.18333637279939355 0.34585818868699425 -0.0014454844251150789 0.4510447220466085 0.30141648644042091 0.14367587661462097 -0.092304075684775957 0.14998550100765295 0.09410025638365524 -0.30430745529065112 -0.092304075684775902 0.10401538042984838 0.036412261933076943 0.18784324736584498 0.33206323349229083 0.12424223348408239 0.15755705027929134 0.074270008291268952 0.2344373967297736 -0.10420222454020768 0.036412261933076943 -0.10420222454020768 -0.13394759667878708
leaf_weight=7.2340819239616385 5.986826419830324 6.9846308231353751 7.7329841256141645 8.4813374280929548 6.9846308231353813 5.7373753190040606 7.4835330247879019 7.9824352264404288 6.7351797223091188 4.9890220165252668 5.2384731173515311 5.986826419830324 6.4857286214828482 6.2362775206565848 5.9868264198303214 5.2384731173515311 5.9868264198303214 6.9846308231353742 6.7351797223091108 7.9824352264404297 7.4835330247879019 6.2362775206565857 9.7285929322242719 5.2384731173515346 14.218712747097017 5.4879242181777945 5.2384731173515338 7.7329841256141645 5.2384731173515311 5.2384731173515311 13.96926164627075 7.2340819239616421 6.2362775206565857 5.9868264198303214 6.9846308231353778 9.7285929322242719 5.7373753190040579 20.953892469406128 5.7373753190040579 16.463772654533386 5.2384731173515311 5.4879242181777972 8.9802396297454816 4.9890220165252668 5.4879242181777954 5.238473117351532 5.4879242181777954 4.9890220165252686 6.9846308231353751 5.4879242181777954 8.2318863272666913 5.2384731173515302 6.2362775206565857 4.9890220165252686 9.479141831398012 12.971457242965696 5.238473117351532 5.4879242181777954 5.238473117351532 4.9890220165252686
leaf_count=29 24 28 31 34 28 23 30 32 27 20 21 24 26 25 24 21 24 28 27 32 30 25 39 21 57 22 21 31 21 21 56 29 25 24 28 39 23 84 23 66 21 22 36 20 22 21 22 20 28 22 33 21 25 20 38 52 21 22 21 20
internal_value=0.093783 0.0909661 0.10833 0.0663379 0.0711623 0.0365925 0.0672118 0.0209821 0.135425 0.0853258 -0.127638 0.0579848 -0.000688329 0.063015 0.108973 0.120541 0.112687 0.132006 0.0465077 0.118888 0.132255 0.20175 0.145238 0.126522 0.0797494 0.143816 -0.0179606 0.01271 0.07427 0.150543 0.0263615 0.143982 0.222997 0.132864 0.0941003 0.161218 0.235471 0.161178 0.143002 0.102032 0.154547 0.17398 0.256917 0.118363 0.0346095 0.200169 -0.212608 0.00317131 0.0147793 -0.0593035 0.252742 0.171248 0.219117 0.247785 0.190572 0.166811 -0.0192154 -0.0362128 -0.0362128 -0.0714823
internal_weight=0 429.305 228.747 104.769 200.559 104.769 88.3057 52.6342 35.6715 28.188 16.4638 44.6517 24.9451 18.4594 95.7892 89.8024 67.6012 84.5639 26.1924 13.9693 19.7066 12.2231 77.5793 65.6056 37.9166 123.977 37.1682 28.6869 15.466 118.489 28.188 113.251 13.9693 99.2815 41.9078 22.7001 15.466 57.3738 51.3869 37.4177 41.4089 35.4221 14.2187 21.2033 10.4769 10.7264 11.2253 10.2275 19.2077 13.2209 13.9693 18.2099 11.4748 11.9737 27.6891 22.4506 12.2231 12.2231 12.2231 9.97804
internal_count=1750 1721 917 420 804 420 354 211 143 113 66 179 100 74 384 360 271 339 105 56 79 49 311 263 152 497 149 115 62 475 113 454 56 398 168 91 62 230 206 150 166 142 57 85 42 43 45 41 77 53 56 73 46 48 111 90 49 49 49 40
is_linear=0
shrinkage=1


Tree=1
num_leaves=53
num_cat=0
split_feature=0 0 6 0 0 6 0 0 4 4 2 6 6 0 1 1 6 0 4 6 0 4 6 4 6 0 0 6 1 0 0 6 6 0 6 0 4 0 6 6 1 4 0 0 0 6 1 0 4 4 4 6
split_gain=3.03734 2.16577 4.99556 5.97495 4.32667 6.49591 2.75488 2.6284 2.44114 3.91083 2.78416 8.2002 6.03148 3.60639 3.43843 4.17005 3.41512 4.80368 3.17661 3.26014 4.8435 2.83915 2.81034 2.93066 2.42351 2.29124 5.29172 6.38355 2.95669 2.66567 2.27866 2.56111 2.23307 2.16359 3.78795 2.66176 4.46849 3.96877 2.0473 1.95256 1.87003 2.62104 1.85685 1.66984 3.68556 1.49697 1.29685 1.26924 2.85805 0.812164 0.765355 0.596037
threshold=0.0067229421795094177 0.41511124425233775 0.19504475235810673 0.064740301344742082 0.43147684743358466 0.50729874508000028 0.043490200299322275 0.41885568749962082 0.89680168555489814 0.87172861058479811 1.0000000180025095e-35 0.53784246147735026 0.70927240992077589 0.53668514765191 0.73124075146198775 0.97070100612258059 0.67831832227508526 0.51249602480143819 0.43078775969888194 0.49386815979496707 0.55555535885836027 0.60632010710452011 0.48381759628148252 0.29518987446651546 0.52473539833645788 0.41030878464749182 0.40652974417517235 0.41092790659552786 0.4091013830096098 0.40496266201694403 0.020239567649708471 0.058546664097534513 0.74451496602070111 0.39892543809548592 0.47295076973395206 0.26586142892926407 0.51945088689145402 0.27731015685267996 0.50069209155244299 0.13078972731927094 0.076316616684566588 0.47945788263538708 0.76123752016855473 0.077228492680361485 0.091415912526512835 0.14680699336427375 0.069913900900485007 0.057984441371910396 0.44193931831854288 0.5393155503010123 0.48922303791670801 0.51497738940221338
decision_type=2 2 2 2 2 2 2 2 2 2 2 2 2 2 2 2 2 2 2 2 2 2 2 2 2 2 2 2 2 2 2 2 2 2 2 2 2 2 2 2 2 2 2 2 2 2 2 2 2 2 2 2
left_child=-1 2 3 6 5 7 30 38 9 10 12 18 13 16 21 42 17 -6 22 -20 -21 -14 23 -12 -7 26 29 -28 -27 33 31 -2 -23 34 35 36 -4 -37 -3 43 41 47 -16 -5 -45 -42 -43 48 -8 -46 -32 -36
right_child=1 4 25 39 8 24 40 -9 -10 -11 11 -13 14 -15 15 -17 -18 -19 19 20 -22 32 -24 -25 -26 28 27 -29 -30 -31 50 -33 -34 -35 51 37 -38 -39 -40 -41 45 46 -44 44 49 -47 -48 -49 -50 -51 -52 -53
leaf_value=0.13462492008953775 0.12379654352346151 0.15514606068006451 -0.010930362577326642 0.0087231855839224031 0.044072275502322157 -0.3163815022603213 -0.041610717451512909 -0.095118385101308031 -0.10709557424418836 0.18276362053501127 -0.15154023442259812 -0.21820705009768393 -0.18261164036736866 0.25564067105097843 0.18226141079173552 -0.12523272765784449 -0.083766485740653984 0.27378973282197683 0.13641669980412394 0.030759847409255189 -0.17936492787478417 0.048952050328155146 -0.19875580522080613 0.042136408959630015 -0.12720197561032104 0.25005661609486385 0.042630715980067499 -0.23991393092172875 0.04081150412532239 0.19234975713130939 -0.14982358343613023 -0.056562415290444847 -0.11040519439061673 -0.058978981056926012 0.21943605321192591 -0.10284764436772363 0.13639200326546927 0.042226972172333052 -0.031779377227645039 -0.16995778912163723 0.047983037351386169 0.22586135701691132 0.036664790769795709 -0.20976419776678243 -0.079271415808624707 -0.10944799042206925 0.083609848220766309 -0.05335202257056916 0.14858594654491347 0.036689372798211224 -0.045353837206553997 0.11982784295337817
leaf_weight=7.1279671788215628 5.9088385105133074 4.8837963789701515 15.579230844974516 9.7011777758598345 16.090397492051135 5.1919428259134275 6.1952462792396599 9.186124458909033 9.4913890957832319 4.9699520468711844 5.2414164841175106 9.1336604356765729 7.9379748255014446 4.9452225118875495 4.9684910476207795 5.9937558174133292 5.4783298671245566 5.1988203674554816 8.9209146797656995 27.936523482203484 5.7014952152967444 7.7306876331567747 5.7025560885667792 9.4573012143373472 6.6883916407823563 4.9178903847932798 7.3906069546937925 6.4759279042482376 7.1567747443914413 5.2166572064161292 6.7346687614917737 7.9990129470825195 7.4567883014678955 8.6879578530788404 4.9541007578372938 12.23539227247238 20.687894135713577 24.31486539542675 5.2456459701061249 9.4858020693063718 5.4720076620578748 5.5956038385629636 15.818722635507582 7.4671605676412609 4.9861789345741254 4.9796185493469238 5.4710237085819244 5.717278614640235 7.586259663105011 5.4637990891933441 5.4981772899627686 5.4408402293920517
leaf_count=29 24 20 63 39 65 21 25 37 38 20 21 37 32 20 20 24 22 21 36 113 23 31 23 38 27 20 30 26 29 21 27 32 30 35 20 49 84 98 21 38 22 23 64 30 20 20 22 23 31 22 22 22
internal_value=0 -0.00212411 0.0117378 -0.0217224 -0.0179293 -0.0889919 0.015246 -0.0146395 -0.00474742 0.00137438 -0.00449042 -0.0342414 0.0217885 0.0926385 -0.0232327 0.0274426 0.0625244 0.100169 -0.00755347 0.0247571 -0.00485537 -0.0819185 -0.0749563 -0.0269268 -0.209877 0.0400872 0.0307364 -0.0893229 0.126035 0.0478786 -0.0374636 0.0200642 -0.0292896 0.0396778 0.0499783 0.0332302 0.0731069 -0.00633752 0.0583446 -0.0886344 0.0488385 0.0747792 0.0714648 -0.060703 -0.0982937 -0.0270241 0.155536 0.0289451 0.0630862 -0.018641 -0.102869 0.1673
internal_weight=0 426.69 227.32 104.262 199.37 31.1959 67.1577 19.3156 168.174 158.683 153.713 72.0939 81.6192 31.7128 49.9064 26.781 26.7675 21.2892 62.9602 42.5589 33.638 23.1255 20.4013 14.6987 11.8803 123.058 110.983 13.8665 12.0747 97.1169 26.1407 13.9079 15.1875 91.9003 83.2123 72.8174 36.2671 36.5503 10.1294 37.1041 41.017 30.5654 20.7872 27.6183 17.9171 10.4516 11.0666 19.4988 13.7815 10.45 12.2328 10.3949
internal_count=1750 1721 917 420 804 126 271 78 678 640 620 291 329 128 201 108 108 86 254 172 136 93 82 59 48 497 448 56 49 392 105 56 61 371 336 294 147 147 41 149 166 124 84 111 72 42 45 79 56 42 49 42
is_linear=0
shrinkage=0.20776


Tree=2
num_leaves=52
num_cat=0
split_feature=0 4 4 0 6 0 4 4 6 4 1 0 1 0 0 6 6 4 4 6 6 0 4 4 4 0 0 0 6 4 1 6 1 4 0 6 4 4 6 1 4 4 0 4 0 0 6 4 6 0 0
split_gain=1.9566 1.77387 3.71655 1.47181 3.34512 3.79264 3.02436 7.64228 3.55392 3.35013 3.41747 5.10017 3.17864 2.74153 4.46611 2.62612 2.50001 2.29707 2.13935 3.08492 2.10579 2.0731 1.64685 1.58612 3.53303 3.69897 3.5714 2.61445 2.50126 2.18819 1.99348 2.90856 4.17202 1.65723 1.53145 3.08214 2.75901 1.43952 1.11618 4.62131 3.35169 1.78991 1.51316 1.10862 1.06794 1.78894 1.05126 0.81409 0.629698 0.469732 0.245819
threshold=0.0067229421795094177 0.89008994987045986 0.85923083409291012 0.41511124425233775 0.19504475235810673 0.064740301344742082 0.54407771802008287 0.55870764899365666 0.50069209155244299 0.48922303791670801 0.42643653189987468 0.44576660546609453 0.46296058631299558 0.45263079460776595 0.48717954672617908 0.53784246147735026 0.43120721129353196 0.50040646235842523 0.62262781888505447 0.13404824002301727 0.52233551408344037 0.051505347552826437 0.41271728258670776 0.39535034478014092 0.46691033504470791 0.26586142892926407 0.27731015685267996 0.23482472258024248 0.44765479725670337 0.53417877157903193 0.38345453507161192 0.43120721129353196 0.39996541405568325 0.49526056269441532 0.054718268132375021 0.12582086638637477 0.49921622248354219 0.47945788263538708 0.10027892185455974 0.06725235588006552 0.49526056269441532 0.36176873087951583 0.022446934895965723 0.9139006395731436 0.073913890779563132 0.091415912526512835 0.51659250289537517 0.6436002532457753 0.37991281663654947 0.13422794152860765 0.48001127795464221
decision_type=2 2 2 2 2 2 2 2 2 2 2 2 2 2 2 2 2 2 2 2 2 2 2 2 2 2 2 2 2 2 2 2 2 2 2 2 2 2 2 2 2 2 2 2 2 2 2 2 2 2 2
left_child=-1 2 3 4 5 21 8 -8 9 10 11 22 -9 -14 15 -15 -12 37 19 44 -16 38 -5 27 30 29 48 -6 -29 -26 -25 32 -32 -28 -23 -36 -37 -10 40 -40 41 -2 -42 -3 -7 -46 -19 -20 -27 -31 -45
right_child=1 43 -4 6 23 18 7 12 17 -11 16 -13 13 14 20 -17 -18 46 47 -21 -22 34 -24 24 25 26 33 28 -30 49 31 -33 -34 -35 35 36 -38 -39 39 -41 42 -43 -44 50 45 -47 -48 -49 -50 -51 -52
leaf_value=0.109305657383165 0.042848530292036939 -0.14043216777612538 0.14783182053820562 -0.098029040163512021 -0.049921204906306992 -0.0026006965151209004 0.23614029770087161 0.14821668779818534 -0.1364931950506163 0.1406947468577627 -0.036931433886749111 0.20395921216812657 -0.12205956858780359 0.23488077568281338 0.047218138930302675 0.023850686363872598 -0.20161295976705537 -0.26264171889714683 0.068100733438939007 -0.24984318102079364 -0.036195109678828732 0.15696481735239237 0.03930492226176855 -0.15720402003701811 0.033020432448009888 -0.041154513211761175 -0.032736379464420977 0.19319414774629048 0.037416205043372508 0.13992730396248554 0.18495448962663535 -0.11005606369537148 -0.073156315868775787 0.072229375973600823 0.12798425087372459 -0.14457462359854428 0.057925082708990591 0.006772883442065193 0.0545420740733416 -0.22298027250814756 0.010086442610667858 -0.093178644436054309 0.16196939042681785 0.0025335758256927539 -0.20241729615658677 -0.048490024888881295 -0.12621768504037814 -0.049762945627900075 -0.13667097596766112 0.22193035856426166 -0.06130676039373241
leaf_weight=6.9736198335885993 6.1402313560247483 5.9311316758394268 7.3123489171266547 8.9407930821180361 4.9818278104066875 7.2175015360117021 5.8308585137128821 5.3604718893766394 5.6345124691724795 5.1398527771234503 8.9817036837339419 4.8554981648921958 9.5315085798501951 4.8766424655914289 16.056806921958923 5.3244992047548294 7.1439112573862067 4.9050126373767835 5.1842813491821271 4.936900094151496 70.085955783724785 5.4071305692195919 6.5156395286321631 5.4235633164644268 7.3621861189603832 6.9864445328712446 8.4405811429023725 9.505098372697832 8.3641504794359189 6.7735697925090772 5.4039486050605792 7.8899696618318549 5.4083928316831589 28.131188780069351 8.4484229981899279 5.4564648866653425 6.2089843899011612 6.5424545258283615 5.5309735387563688 4.8708046227693558 5.2152826339006406 13.049090743064879 6.1940924078226089 5.4535911083221418 4.9125633239746085 9.6826018244028074 4.8477870523929596 4.9397124052047729 5.1941332966089249 5.4341684281826019 4.9816048592329025
leaf_count=29 25 24 30 36 20 29 24 22 23 21 36 20 39 20 65 22 29 20 21 20 284 22 27 22 30 28 34 39 34 28 22 32 22 115 35 22 25 27 23 20 21 53 25 22 20 39 20 20 21 23 20
internal_value=0 -0.00164651 0.00105299 -0.00163517 0.00982695 -0.017307 -0.015517 0.00428667 -0.0520224 -0.0163286 -0.0384782 0.0182141 -0.00786683 -0.0157693 -0.00525382 0.124733 -0.109888 -0.119696 -0.0707521 -0.101539 -0.0206471 0.0123182 -0.0401361 0.0341594 0.0220445 0.0461795 0.0155515 0.0831727 0.120278 0.12248 -0.0463038 -0.0141433 0.055846 0.0480038 0.0588058 0.0324182 -0.0367933 -0.059519 -0.0166184 -0.0754124 0.00336813 -0.0496524 0.0925429 -0.0687088 -0.0679728 -0.1003 -0.19483 0.0105925 -0.0818854 0.17643 -0.0279428
internal_weight=0 422.947 406.581 399.268 218.694 103.395 180.574 117.067 63.5072 41.5774 36.4375 20.3119 111.236 105.875 96.3439 10.2011 16.1256 21.9298 36.8736 26.7496 86.1428 66.5215 15.4564 115.299 92.4481 68.3223 48.7523 22.8511 17.8692 19.5699 24.1259 18.7023 10.8123 36.5718 25.521 20.1139 11.6654 12.177 41.0005 10.4018 30.5987 19.1893 11.4094 16.3663 21.8127 14.5952 9.7528 10.124 12.1806 12.2077 10.4352
internal_count=1750 1721 1655 1625 890 420 735 476 259 169 148 83 452 430 391 42 65 90 149 108 349 271 63 470 377 279 198 93 73 81 98 76 44 149 104 82 47 50 167 43 124 78 46 66 88 59 40 41 49 51 42
is_linear=0
shrinkage=0.20776


Tree=3
num_leaves=20
num_cat=0
split_feature=6 6 6 4 4 4 6 0 1 6 0 0 4 4 4 0 0 6 0
split_gain=1.9095 1.75083 6.43486 2.29543 5.07847 1.60973 1.52343 2.68727 3.68142 4.26423 2.57828 3.38705 3.00577 2.49805 2.10696 1.68947 2.10195 1.30728 1.21079
threshold=0.025018702485266112 0.047828621784005772 0.057190620957491452 0.29098367526871238 0.2964377951655654 0.92627151484708425 0.12146846113356836 0.070630047402740828 0.078904767460189942 0.10828619937806401 0.40652974417517235 0.40870564711685825 0.42062319317884284 0.80258293513834045 0.4218545757454088 0.057053593633540574 0.049470041696120244 0.037238987493748439 0.37669718570663063
decision_type=2 2 2 2 2 2 2 2 2 2 2 2 2 2 2 2 2 2 2
left_child=-1 17 -3 -4 -5 6 7 15 -9 -10 12 -12 18 -14 -13 16 -6 -2 -8
right_child=1 2 3 4 5 -7 10 8 9 -11 11 14 13 -15 -16 -17 -18 -19 -20
leaf_value=0.12405882370063762 -1.1484052992813885e-05 0.23261970455564335 0.12114286846008716 -0.16123743136409782 0.011024211120551543 -0.096201790979651258 0.055282506987423576 -0.22417793431657412 0.068989874269794429 -0.17166035343063779 -0.15665815687090631 -0.063730539526869329 0.0096239663476012337 0.15382642521873063 0.0045701578415389349 0.093461868569319193 -0.13611119867730145 -0.13919981150351901 0.16410605111660181
leaf_weight=5.3056370019912711 5.0756536275148374 5.1093623787164679 6.4290703982114783 8.6728805452585203 19.421556532382972 7.4400799423456183 8.8339192569255847 6.2527702748775509 7.6927467882633191 5.4158881306648254 6.3822679519653311 21.893047034740448 100.60048757493496 5.4672011137008658 178.01389968395233 7.2243684679269782 5.3441817611455908 6.8348200768232346 8.818641781806944
leaf_count=22 21 21 26 35 79 30 36 26 31 22 26 90 415 23 731 30 22 28 36
internal_value=0 -0.00136329 0.000923263 -0.00200769 -0.00399963 -0.000492168 0.00137506 -0.0319133 -0.0930049 -0.0304358 0.00655494 -0.00766661 0.0302677 0.0170568 -0.00290987 0.00506117 -0.020726 -0.0798846 0.109647
internal_weight=0 420.923 409.012 403.903 397.474 388.801 381.361 51.3515 19.3614 13.1086 330.009 206.289 123.72 106.068 199.907 31.9901 24.7657 11.9105 17.6526
internal_count=1750 1728 1679 1658 1632 1597 1567 210 79 53 1357 847 510 438 821 131 101 49 72
is_linear=0
shrinkage=0.20776


Tree=4
num_leaves=24
num_cat=0
split_feature=1 1 6 1 0 6 4 2 6 0 0 1 0 1 6 6 1 1 6 0 6 4 4
split_gain=1.23044 3.5152 1.94094 1.87574 2.61281 2.17943 3.59044 2.97042 6.28124 3.45637 2.41363 2.30478 3.47747 1.75056 1.46829 3.8325 6.4546 6.06417 1.84491 1.31936 1.25125 1.18362 0.989949
threshold=0.97070100612258059 0.94957005248673998 0.83024958769024249 0.74230994769205261 0.76123752016855473 0.71431117379119868 0.60632010710452011 1.0000000180025095e-35 0.53873646893774474 0.50603009856554493 0.53668514765191 0.53304471164550138 0.51249602480143819 0.39775537306072334 0.50729874508000028 0.52361425977171461 0.49641446863759092 0.4802719938359255 0.50540112421880279 0.54551617494459015 0.74451496602070111 0.82021877296607415 0.61159268536715705
decision_type=2 2 2 2 2 2 2 2 2 2 2 2 2 2 2 2 2 2 2 2 2 2 2
left_child=1 2 3 5 -5 7 -7 10 14 21 11 12 13 -1 18 16 -16 -17 19 -9 -8 22 -10
right_child=-2 -3 -4 4 -6 6 20 8 9 -11 -12 -13 -14 -15 15 17 -18 -19 -20 -21 -22 -23 -24
leaf_value=0.085230530712695984 -0.093836483641002985 0.16052261598731715 -0.10680413401740382 0.18999812041236822 0.0017902912904719094 -0.20294903213004634 0.0544503247995963 0.0080074865886665819 -0.045745253207469527 -0.27354415898062689 0.15778913485982507 -0.10738655053276433 0.18081030636883735 -0.0025014264540080232 -0.16894632127397183 0.15185529652853294 0.059776011382129429 -0.088518198678097487 0.1308648860298994 -0.073745428553596143 -0.062154310257735712 0.012861380269799867 -0.17742931896480352
leaf_weight=13.483026549220083 5.9270700216293326 5.9147915840148917 7.3215627521276465 5.3573408126831037 7.8479514122009277 5.9349679201841381 6.7263998240232494 226.7398072630167 4.8934716731309909 4.7983646690845481 6.9231509864330283 4.9608316123485556 6.7009568512439719 36.10767973959446 15.411416113376619 9.4907483160495776 8.1379392892122251 8.6676271110773069 5.1309858709573737 8.8535808473825437 9.7014624923467618 4.9023911505937567 4.9637439996004105
leaf_count=56 24 24 30 22 32 24 27 936 20 20 29 20 28 148 65 40 33 35 21 36 39 20 21
internal_value=0 0.00149206 -0.000785195 0.00112794 0.0781455 -0.00146305 -0.0644475 0.00234203 -0.00650081 -0.120364 0.0415122 0.0283698 0.0403336 0.0213517 0.00138405 -0.0346044 -0.0899069 0.0371166 0.00761938 0.00493522 -0.0144105 -0.0705652 -0.112057
internal_weight=0 418.97 413.055 405.734 13.2053 392.529 22.3628 370.166 301.99 19.558 68.1756 61.2525 56.2917 49.5907 282.432 41.7077 23.5494 18.1584 240.724 235.593 16.4279 14.7596 9.85722
internal_count=1750 1726 1702 1672 54 1618 90 1528 1247 81 281 252 232 204 1166 173 98 75 993 972 66 61 41
is_linear=0
shrinkage=0.20776


Tree=5
num_leaves=20
num_cat=0
split_feature=6 1 0 0 0 0 1 0 0 1 6 0 6 0 4 4 6 6 4
split_gain=1.17879 1.20831 1.77192 1.6023 3.17003 1.93115 2.79508 2.06135 1.90638 4.10031 4.18494 3.00401 2.31825 2.20828 3.35423 1.54852 1.39392 2.1059 1.64079
threshold=0.025018702485266112 0.015818724207457228 0.0085940597107343492 0.043490200299322275 0.026525398709667417 0.050395094113955936 0.069913900900485007 0.052004709452630367 0.063670461415221938 0.082716241305792262 0.13404824002301727 0.091415912526512835 0.10426007585158621 0.077228492680361485 0.54784568216298901 0.50040646235842523 0.38620001937537646 0.39822021524158063 0.62262781888505447
decision_type=2 2 2 2 2 2 2 2 2 2 2 2 2 2 2 2 2 2 2
left_child=-1 -2 -3 4 15 6 -5 -7 9 10 12 13 -9 14 -10 -4 18 -18 -13
right_child=1 2 3 5 -6 7 -8 8 11 -11 -12 16 -14 -15 -16 -17 17 -19 -20
leaf_value=0.098125451227860233 -0.085099607573694377 0.12731717486745395 -0.078631576492415131 0.17056256181538179 -0.19973355970371276 -0.13172866187536292 -0.022037229393608859 -0.036476879207024547 -0.088269335118060066 0.21328055265527107 -0.14375001513709254 0.0092492098309673899 0.14569889228491259 -0.16128611929413753 0.11578390485958981 0.079923934327170099 -0.097176105424125914 -0.00086653953068934386 0.083795760308731496
leaf_weight=5.2334281504154196 7.2620267122983924 4.6934344917535773 5.4432830065488798 6.924760699272154 5.1514143049716941 5.1485473066568366 6.1329904943704605 4.9365068674087578 12.128229975700384 5.5860359817743293 5.3893408775329581 46.95018158853054 7.7465417087078094 8.1529091298580152 4.8748522102832785 5.1974670737981796 10.202952191233633 248.13158024847507 17.492970690131187
leaf_count=22 30 20 22 29 21 21 25 20 50 23 22 193 33 35 20 21 42 1028 73
internal_value=0 -0.00109314 0.000393773 -0.00107497 -0.0659518 0.00155343 0.0801019 -0.00116904 0.000639913 0.0577075 0.0096211 -0.00324051 0.0747923 -0.0723912 -0.0297664 -0.00118525 0.00214882 -0.0046703 0.0294847
internal_weight=0 417.546 410.284 405.591 15.7922 389.798 13.0578 376.741 371.592 23.6584 18.0724 347.934 12.683 25.156 17.0031 10.6408 322.778 258.335 64.4432
internal_count=1750 1728 1698 1678 64 1614 54 1560 1539 98 75 1441 53 105 70 43 1336 1070 266
is_linear=0
shrinkage=0.20776


Tree=6
num_leaves=16
num_cat=0
split_feature=6 6 6 4 4 4 4 4 0 4 4 4 0 6 4
split_gain=1.02466 1.57164 4.35472 1.35158 3.10859 1.50455 8.07702 2.43998 2.66953 1.29396 1.57784 1.0078 0.878077 1.92226 1.77911
threshold=0.033722395554429692 0.047828621784005772 0.057190620957491452 0.29098367526871238 0.2964377951655654 0.38863058453810484 0.40669041122904181 0.3248626581448481 0.41732638207307265 0.36176873087951583 0.34988591065424868 0.92627151484708425 0.043490200299322275 0.10027892185455974 0.51469190929311193
decision_type=2 2 2 2 2 2 2 2 2 2 2 2 2 2 2
left_child=-1 -2 -3 -4 -5 7 -7 8 -6 10 -9 12 14 -14 -8
right_child=1 2 3 4 5 6 11 9 -10 -11 -12 -13 13 -15 -16
leaf_value=0.071475289612695114 -0.089987458463474737 0.19505790358451802 0.09293555467026525 -0.12744662424638306 0.057979101125509878 -0.21306508811570504 -0.13888422885908216 0.064753072729044722 -0.14878187712001739 0.024306984558737327 0.21949921345048501 -0.075662461350224711 0.084385646180708998 0.00077074371903358707 0.020136645835084184
leaf_weight=8.5145362019538862 8.4553217440843564 4.9063694924116126 6.3865895122289649 8.5326735675334913 5.9358396977186221 7.837358981370925 5.6076290607452375 6.6101041585207003 4.9374340623617172 8.4101552665233594 4.9920685142278671 7.3921106457710257 12.334368303418158 313.74149990081787 6.624143972992897
leaf_count=36 35 21 26 35 25 32 23 28 20 35 21 30 52 1304 27
internal_value=0 -0.00133739 0.000516831 -0.00187333 -0.00341423 -0.000661197 -0.00450289 0.0433134 -0.0359088 0.086357 0.131336 0.000225425 0.0018836 0.00393362 -0.0527661
internal_weight=0 412.704 404.248 399.342 392.955 384.423 353.537 30.8856 10.8733 20.0123 11.6022 345.7 338.308 326.076 12.2318
internal_count=1750 1714 1679 1658 1632 1597 1468 129 45 84 49 1436 1406 1356 50
is_linear=0
shrinkage=0.20776


end of trees

feature_importances:
Column_6=70
Column_0=69
Column_4=66
Column_1=31
Column_2=3

parameters:
[boosting: gbdt]
[objective: binary]
[metric: binary_logloss]
[tree_learner: serial]
[device_type: cpu]
[data_sample_strategy: bagging]
[data: ]
[valid: ]
[num_iterations: 285]
[learning_rate: 0.20776]
[num_leaves: 133]
[num_threads: 1]
[seed: 42]
[deterministic: 0]
[force_col_wise: 0]
[force_row_wise: 1]
[histogram_pool_size: -1]
[max_depth: 10]
[min_data_in_leaf: 20]
[min_sum_hessian_in_leaf: 0.001]
[bagging_fraction: 1]
[pos_bagging_fraction: 1]
[neg_bagging_fraction: 1]
[bagging_freq: 0]
[bagging_seed: 400]
[feature_fraction: 1]
[feature_fraction_bynode: 1]
[feature_fraction_seed: 30056]
[extra_trees: 0]
[extra_seed: 12879]
[early_stopping_round: 0]
[early_stopping_min_delta: 0]
[first_metric_only: 0]
[max_delta_step: 0]
[lambda_l1: 0]
[lambda_l2: 0]
[linear_lambda: 0]
[min_gain_to_split: 0]
[drop_rate: 0.1]
[max_drop: 50]
[skip_drop: 0.5]
[xgboost_dart_mode: 0]
[uniform_drop: 0]
[drop_seed: 17869]
[top_rate: 0.2]
[other_rate: 0.1]
[min_data_per_group: 100]
[max_cat_threshold: 32]
[cat_l2: 10]
[cat_smooth: 10]
[max_cat_to_onehot: 4]
[top_k: 20]
[monotone_constraints: ]
[monotone_constraints_method: basic]
[monotone_penalty: 0]
[feature_contri: ]
[forcedsplits_filename: ]
[refit_decay_rate: 0.9]
[cegb_tradeoff: 1]
[cegb_penalty_split: 0]
[cegb_penalty_feature_lazy: ]
[cegb_penalty_feature_coupled: ]
[path_smooth: 0]
[interaction_constraints: ]
[verbosity: 1]
[saved_feature_importance_type: 0]
[use_quantized_grad: 0]
[num_grad_quant_bins: 4]
[quant_train_renew_leaf: 0]
[stochastic_rounding: 1]
[linear_tree: 0]
[max_bin: 255]
[max_bin_by_feature: ]
[min_data_in_bin: 3]
[bin_construct_sample_cnt: 200000]
[data_random_seed: 175]
[is_enable_sparse: 1]
[enable_bundle: 1]
[use_missing: 1]
[zero_as_missing: 0]
[feature_pre_filter: 1]
[pre_partition: 0]
[two_round: 0]
[header: 0]
[label_column: ]
[weight_column: ]
[group_column: ]
[ignore_column: ]
[categorical_feature: ]
[forcedbins_filename: ]
[precise_float_parser: 0]
[parser_config_file: ]
[objective_seed: 16083]
[num_class: 1]
[is_unbalance: 0]
[scale_pos_weight: 1]
[sigmoid: 1]
[boost_from_average: 1]
[reg_sqrt: 0]
[alpha: 0.9]
[fair_c: 1]
[poisson_max_delta_step: 0.7]
[tweedie_variance_power: 1.5]
[lambdarank_truncation_level: 30]
[lambdarank_norm: 1]
[label_gain: ]
[lambdarank_position_bias_regularization: 0]
[eval_at: ]
[multi_error_top_k: 1]
[auc_mu_weights: ]
[num_machines: 1]
[local_listen_port: 12400]
[time_out: 120]
[machine_list_filename: ]
[machines: ]
[gpu_platform_id: -1]
[gpu_device_id: -1]
[gpu_use_dp: 0]
[num_gpu: 1]

end of parameters

pandas_categorical:null
