tree
version=v4
num_class=1
num_tree_per_iteration=1
label_index=0
max_feature_idx=7
objective=binary sigmoid:1
feature_names=Column_0 Column_1 Column_2 Column_3 Column_4 Column_5 Column_6 Column_7
feature_infos=[0:1] [0:1] [0:1] [0:1] [0:1] [0:1] [0:0.99999999999999989] [0:1]
tree_sizes=5063

Tree=0
num_leaves=48
num_cat=0
split_feature=1 6 0 4 4 4 0 6 4 4 1 1 6 4 1 6 0 4 0 4 4 1 0 0 0 6 6 6 0 4 4 2 1 4 0 4 4 6 0 6 0 4 0 4 0 6 4
split_gain=25.1943 10.4353 6.3552 7.39071 5.92744 6.55564 6.40101 5.21301 4.93573 7.0202 6.22689 8.0606 5.71878 4.43424 5.17371 4.77614 4.06617 7.08695 5.21862 3.72403 3.5412 3.32565 3.86402 3.08659 4.3783 3.00285 3.85193 2.97186 5.51815 2.90744 4.22681 2.66326 2.41399 2.23361 4.80076 2.17426 1.99512 1.98792 5.24072 2.5004 1.86187 1.79229 1.64993 1.36634 1.30483 0.318053 0.100016
threshold=0.43655049318753175 0.9362670613445121 0.41699711341358997 0.31095648618959321 0.22329451407354459 0.18164777246812425 0.69606485847717281 0.27325123494777376 0.53803150262527 0.62956752811142314 0.52255854391318668 0.52783719717491728 0.8553636313193187 0.405866028404054 0.39911640344118698 0.13116168965478212 0.3808138709908056 0.29368032421956541 0.46965221941821739 0.28955242787461849 0.22091798697731069 0.58916873143150383 0.46965221941821739 0.56403246598777079 0.60252732086245209 0.8223697632871857 0.78819582803650057 0.51267101709690543 0.49519120439842595 0.67211529281136506 0.79118985862368507 1.0000000180025095e-35 0.54641459425319605 0.15605096352017597 0.1476490414028864 0.3422508479193152 0.53931696906124416 0.23126638171775657 0.20672225572579131 0.26400836957351237 0.65763102443902455 0.22619264306991013 0.5309920678971608 0.21525453035813125 0.40400857366355553 0.42785808790792917 0.16929825631034912
decision_type=2 2 2 2 2 2 2 2 2 2 2 2 2 2 2 2 2 2 2 2 2 2 2 2 2 2 2 2 2 2 2 2 2 2 2 2 2 2 2 2 2 2 2 2 2 2 2
left_child=13 2 36 4 5 32 -7 -5 10 21 27 -12 -13 16 15 -15 17 33 19 43 -20 22 -10 -6 -25 26 -26 28 -9 31 -31 -11 -4 -1 41 -19 -2 38 -17 -39 -23 -35 -29 46 -16 -45 -18
right_child=1 -3 3 7 23 6 -8 8 9 29 11 12 -14 14 44 37 18 35 20 -21 -22 40 -24 24 25 -27 -28 42 -30 30 -32 -33 -34 34 -36 -37 -38 39 -40 -41 -42 -43 -44 45 -46 -47 -48
leaf_value=0.058593956927460181 -0.072069272672091109 -0.25499779411146284 -0.0075062651052539738 -0.20926566375161992 -0.26089871415789406 0.33951990056649545 -0.026337142312248128 0.22440108966068376 -0.191676382843988 0.041172192980853346 -0.23909096616021311 0.068269020493228486 -0.1019351537234171 0.31041763579204973 0.36695917878240125 -0.045936626752180798 0.15659137912712348 0.27788094225540283 0.1226610888601434 0.037687840191531985 -0.10865497695996543 -0.26370867608476622 7.155268428088446e-05 0.079045592864781217 -0.20926566375161981 -0.30072992447130575 0.037687840191531985 0.14555258904026497 -0.027270451095102077 -0.010215743840073292 0.1718354225804046 0.26884297182855638 -0.19932389628208885 0.10254431597458194 -0.2346724028404216 0.079045592864781244 -0.27162765969686026 -0.11780140303193407 0.24805563984680951 0.11085924876728068 -0.097594182640375518 -0.080022686647715918 0.28072144724669734 0.25894424231343888 0.22440108966068384 0.33951990056649539 0.20232350948696654
leaf_weight=8.7486173957586306 4.9992099404335004 8.7486173957586271 8.4986568987369555 4.9992099404335013 7.7487754076719311 4.9992099404335004 4.9992099404335022 7.2488544136285809 6.498972922563552 5.2491704374551773 5.7490914314985266 65.489650219678879 12.248064354062079 5.4991309344768551 6.249012425541876 5.2491704374551791 4.9992099404335075 5.7490914314985258 7.7487754076719266 6.2490124255418769 6.2490124255418777 5.2491704374551764 35.494390577077866 5.7490914314985302 6.9988939166069049 4.9992099404335013 6.2490124255418777 14.497708827257158 12.248064354062079 34.74450908601284 8.2486964017152768 5.4991309344768506 5.7490914314985266 5.4991309344768542 6.7489334195852271 5.7490914314985275 5.4991309344768524 4.9992099404335004 7.9987359046936035 4.9992099404335022 10.748301371932028 5.7490914314985275 6.9988939166069022 5.2491704374551755 7.2488544136285782 4.9992099404335022 4.9992099404335022
leaf_count=35 20 35 34 20 31 20 20 29 26 21 23 262 49 22 25 21 20 23 31 25 25 21 142 23 28 20 25 58 49 139 33 22 23 22 27 23 22 20 32 20 43 23 28 21 29 20 20
internal_value=0.0251442 -0.00878121 -0.00178073 0.00439454 -0.070436 0.0146803 0.156591 0.0217645 0.0266541 -0.00822845 0.0579643 0.0221334 0.0414523 0.113883 0.173639 0.118813 0.081823 0.0283621 0.132314 0.191969 0.019395 -0.0633959 -0.0296037 -0.135446 -0.0949353 -0.149751 -0.0927782 0.130937 0.0662997 0.0513011 0.0247127 0.157655 -0.0849064 -0.0361674 -0.082232 0.178463 -0.1766 0.0734868 0.131568 -0.00347108 -0.152101 0.00923229 0.189561 0.239587 0.2904 0.298249 0.179457
internal_weight=0 316.45 307.701 297.203 55.9912 24.2462 9.99842 241.212 236.213 111.732 124.48 83.4868 77.7377 120.981 42.2433 28.7455 78.7376 38.244 40.4936 26.4958 13.9978 57.9908 41.9934 31.745 23.9962 18.2471 13.2479 40.9935 19.4969 53.7415 42.9932 10.7483 14.2477 26.7458 17.9972 11.4982 10.4983 23.2463 13.2479 9.99842 15.9975 11.2482 21.4966 20.2468 13.4979 10.2484 9.99842
internal_count=1750 1266 1231 1189 224 97 40 965 945 447 498 334 311 484 169 115 315 153 162 106 56 232 168 127 96 73 53 164 78 215 172 43 57 107 72 46 42 93 53 40 64 45 86 81 54 41 40
is_linear=0
shrinkage=1


end of trees

feature_importances:
Column_4=17
Column_0=13
Column_6=10
Column_1=6
Column_2=1

parameters:
[boosting: gbdt]
[objective: binary]
[metric: binary_logloss]
[tree_learner: serial]
[device_type: cpu]
[data_sample_strategy: bagging]
[data: ]
[valid: ]
[num_iterations: 216]
[learning_rate: 0.228625]
[num_leaves: 128]
[num_threads: 1]
[seed: 42]
[deterministic: 0]
[force_col_wise: 0]
[force_row_wise: 1]
[histogram_pool_size: -1]
[max_depth: 9]
[min_data_in_leaf: 20]
[min_sum_hessian_in_leaf: 0.001]
[bagging_fraction: 1]
[pos_bagging_fraction: 1]
[neg_bagging_fraction: 1]
[bagging_freq: 0]
[bagging_seed: 400]
[feature_fraction: 1]
[feature_fraction_bynode: 1]
[feature_fraction_seed: 30056]
[extra_trees: 0]
[extra_seed: 12879]
[early_stopping_round: 0]
[early_stopping_min_delta: 0]
[first_metric_only: 0]
[max_delta_step: 0]
[lambda_l1: 0]
[lambda_l2: 0]
[linear_lambda: 0]
[min_gain_to_split: 0]
[drop_rate: 0.1]
[max_drop: 50]
[skip_drop: 0.5]
[xgboost_dart_mode: 0]
[uniform_drop: 0]
[drop_seed: 17869]
[top_rate: 0.2]
[other_rate: 0.1]
[min_data_per_group: 100]
[max_cat_threshold: 32]
[cat_l2: 10]
[cat_smooth: 10]
[max_cat_to_onehot: 4]
[top_k: 20]
[monotone_constraints: ]
[monotone_constraints_method: basic]
[monotone_penalty: 0]
[feature_contri: ]
[forcedsplits_filename: ]
[refit_decay_rate: 0.9]
[cegb_tradeoff: 1]
[cegb_penalty_split: 0]
[cegb_penalty_feature_lazy: ]
[cegb_penalty_feature_coupled: ]
[path_smooth: 0]
[interaction_constraints: ]
[verbosity: 1]
[saved_feature_importance_type: 0]
[use_quantized_grad: 0]
[num_grad_quant_bins: 4]
[quant_train_renew_leaf: 0]
[stochastic_rounding: 1]
[linear_tree: 0]
[max_bin: 255]
[max_bin_by_feature: ]
[min_data_in_bin: 3]
[bin_construct_sample_cnt: 200000]
[data_random_seed: 175]
[is_enable_sparse: 1]
[enable_bundle: 1]
[use_missing: 1]
[zero_as_missing: 0]
[feature_pre_filter: 1]
[pre_partition: 0]
[two_round: 0]
[header: 0]
[label_column: ]
[weight_column: ]
[group_column: ]
[ignore_column: ]
[categorical_feature: ]
[forcedbins_filename: ]
[precise_float_parser: 0]
[parser_config_file: ]
[objective_seed: 16083]
[num_class: 1]
[is_unbalance: 0]
[scale_pos_weight: 1]
[sigmoid: 1]
[boost_from_average: 1]
[reg_sqrt: 0]
[alpha: 0.9]
[fair_c: 1]
[poisson_max_delta_step: 0.7]
[tweedie_variance_power: 1.5]
[lambdarank_truncation_level: 30]
[lambdarank_norm: 1]
[label_gain: ]
[lambdarank_position_bias_regularization: 0]
[eval_at: ]
[multi_error_top_k: 1]
[auc_mu_weights: ]
[num_machines: 1]
[local_listen_port: 12400]
[time_out: 120]
[machine_list_filename: ]
[machines: ]
[gpu_platform_id: -1]
[gpu_device_id: -1]
[gpu_use_dp: 0]
[num_gpu: 1]

end of parameters

pandas_categorical:null
